7.204104269187451282e-01 1.689158387838795572e-01
7.053294946408228405e-01 4.726347600199468646e-01
4.925851151690213148e-01 9.300515630038792836e-02
-1.000000000000000000e+00 -1.000000000000000000e+00
4.507624642352636157e-01 6.834337623878235235e-02
-1.000000000000000000e+00 -1.000000000000000000e+00
7.444156584543305533e-01 3.343784322444475210e-01
6.571106455992332951e-02 4.966989787749272883e-02
1.127504714576829770e+00 1.451163554201986006e-01
4.485258990949445024e-01 4.560272551995778190e-02
2.971109834064136757e-01 7.077459522609380604e-02
4.204338715230201418e-01 1.769226044565512246e-01
2.272266248150813794e-01 5.460398027063605858e-02
3.459166383514011844e-01 1.622909736210413900e-01
5.172060425561427754e-01 1.887614830750945494e-01
1.397574673943157431e-01 1.114510364082729188e-01
7.105272193804655634e-02 5.386749990353707773e-02
3.515857172777084871e-01 4.291829623603645588e-02
3.184919529296997842e-01 1.505623739418194273e-01
7.593692479196593181e-01 6.864011702291325512e-02
4.716943789909944229e-01 2.542853570916582817e-01
-1.000000000000000000e+00 -1.000000000000000000e+00
6.393532632530979365e-01 7.386226547243456009e-02
1.312329631726193435e-01 2.966686127369420195e-02
2.804783761926157748e+00 6.129332336287268701e-01
5.442819325237138628e+00 1.218570112211622369e+00
2.135823443726933835e-01 1.104986100322158660e-01
3.488613599299108525e-01 1.221792592844574005e-01
7.230314519215144120e-01 1.521986654067294109e-01
1.276883137677515268e-01 4.964419624007185283e-02
2.304120042278072489e-01 1.074681727864987280e-01
2.803759709720123894e-01 1.870735013354968626e-02
5.454431484616311110e-01 1.332281027552721375e-01
1.297438266046119226e-01 4.493194214024704564e-02
1.632200284193532624e+01 2.298639273391904325e+00
7.796015192256742665e+00 2.913808351441497191e+00
1.051870859361002802e-01 8.349519134203692294e-02
1.271652168958940843e+00 4.468424907185807871e-01
1.268298063842768775e+00 3.658903402765923407e-01
1.137786032034441286e+00 3.122130151756165040e-01
2.491253753453974151e-01 4.188191513044937225e-02
1.653753070130393743e-01 1.113985733935396044e-01
5.405986501410752210e-01 5.167647831416898041e-02
8.352138636680923600e-01 9.133150865604090785e-02
2.317985065807134093e-01 8.946869645010989414e-02
2.419639375050144925e-01 5.636662943846842966e-02
2.658627931087005902e-01 7.418815114829398205e-02
2.417575593705867387e+00 3.152534569359929373e-01
3.175947096105408707e-01 1.053923050587465410e-01
1.145826756325975387e-01 8.202352299674349478e-02
5.484591579424380470e+00 5.709479655514657637e-01
3.884276968445486977e-01 2.788958726344662256e-02
1.241513075198249361e+01 4.456336930591337508e-01
7.092388421688160527e-01 2.312147533066229721e-01
1.869941003074527597e+00 1.127234938408304465e+00
7.181939859846941943e-02 4.533376575657799973e-02
3.562240263084736624e-01 8.390882785805688082e-02
1.516946298782420932e+00 4.296822541141278040e-01
5.367828068604897362e-01 1.052172193747745593e-01
2.596321794899032476e+00 2.503274530248085772e-01
1.056886492600944555e-01 7.418448581560602162e-02
3.146673651458695153e-01 1.129916359644382168e-01
3.896891560072712202e-01 1.454254634726694362e-01
8.460014913274318538e-01 7.450424497699650872e-02
2.369633544825377469e-01 4.265887061109685519e-02
2.186488135901683894e+00 5.631197738600053349e-01
2.673326511934716043e-01 7.859783294151136135e-02
8.079494880454919647e-02 3.917884914958821851e-02
2.183531385796614988e+00 2.369134285870132528e-01
3.026748920992070047e-01 4.698731968861451919e-02
4.227552939691164302e-01 2.215558700844577275e-02
2.498664280002199367e-01 5.473204773456086941e-02
1.410997331960278101e-01 3.481383144902986393e-01
2.664235067807229629e-01 9.067420500883327517e-02
1.633670865454162902e-01 8.144570325003093469e-02
3.517921116237548440e-01 6.466640139372702156e-02
8.059065053165305192e-01 1.021875098748429994e-01
1.383533003905865755e-01 7.934324748781407255e-02
3.169072308793836612e-01 5.010611650538473322e-02
8.636222840290335157e-01 2.802710961941102252e-01
5.168591088612237705e-01 7.139536639886487346e-02
8.558727166573855405e-02 5.157945616667240774e-02
4.658313033235614298e-02 5.316093102206678050e-02
3.496640424841386818e-01 9.997161717122760027e-02
1.442583653078262917e-01 7.120996907268691001e-02
8.568819264792228163e-02 5.558642603411705074e-02
7.018130706727284673e-01 1.284722640754163703e-01
6.594184221968022452e-01 4.289235697999276842e-01
3.922592710983740516e-01 1.964063078971460263e-01
5.966567656154257993e-01 1.191513535993490580e-01
1.047089861497896512e+00 3.921700650032537427e-01
3.265259581973247727e-01 8.586307889874617016e-02
2.818836217393080323e-01 4.415864987287716759e-02
9.517902960716008165e-01 1.595994008354432447e-01
6.805423975490032529e-02 3.712326053349535721e-02
9.670170507994019227e-01 4.514999535403061981e-01
8.964716368547310799e-01 1.988764195120578115e-01
1.411893087699296612e-01 5.975951921064397154e-02
1.850949425917586710e+00 1.233709671242896738e-01
3.205374166122857416e-01 1.343446185703235651e-01
2.595856687004945984e-01 5.670127511930816988e-02
3.112605427792091706e-01 1.004432657074331575e-01
1.843030159007534308e-01 5.172074429105415899e-02
8.206875017888384805e-02 6.258283527755158226e-02
4.648406615077332882e-01 3.716692075734259193e-01
2.574204978683700684e-01 3.634692114828304288e-02
5.721688381953238256e-01 4.665842635791663806e-01
2.184264746307187088e-01 1.373542844501584315e-01
1.838286767367569852e-01 5.533768979711225361e-02
6.838285093178599894e-01 4.039041996768745479e-02
3.559203149301117808e-01 1.281558325008014532e-01
1.128704334827847489e-01 4.244265810771758601e-02
2.476735106757118610e-01 4.880491360259221062e-02
1.178367896465609271e-01 5.077363525837505498e-02
2.920262066296668846e-01 2.419505219161516008e-01
1.631389287789929698e-01 7.834427335613679266e-02
2.160753517477156382e-01 5.547136032662572380e-02
2.895063881456847454e-01 1.343957351699241465e-01
1.195636741045271956e+00 8.821571838989955561e-02
7.838363405729985578e-01 2.414564535821035196e-01
6.301960065631353469e-01 8.342196612865650229e-02
2.905592913289657409e-01 7.258338176255493823e-02
4.917257666306589226e-01 1.525051434145093809e-01
9.077403345453466388e-01 4.121857606128886409e-01
4.416944457053975093e-01 5.065681973361915724e-02
2.687597712139594419e-01 1.390239138263090479e-01
4.166837563184304094e-01 1.735594507954363874e-01
2.109087833499726727e+00 2.658846830958384588e-01
4.272574861494100595e-01 3.785770555361740036e-02
2.429516092515863424e+00 8.868846833990218226e-01
1.105861426049792873e-01 4.183410002374769732e-02
5.322295977908405584e-01 2.765327269528431581e-02
3.237985857134462186e-01 4.038498308740708781e-02
4.400256341270230576e-01 7.487154304887587430e-02
2.315942280882543891e-01 9.820492017250567751e-02
9.814146572117019018e-02 3.800734201758221992e-02
4.381990832447721362e-01 2.073989027404723184e-01
5.927307350861967805e-01 1.121579357669834215e-01
4.027750698207616664e-01 8.317697514764746392e-02
6.335795722557639731e-02 4.626197902144199570e-02
3.605659309948178737e-01 5.433013797343567292e-02
1.111940208304666111e+00 7.622642326077766484e-01
9.000967475077832347e-01 4.045262386590825487e-01
3.330933077144845877e-01 6.435167644118673647e-02
1.894844478133462795e-01 8.178033793047470579e-02
6.933890703532645805e-01 1.533728923400492494e-01
4.652994832524726815e-02 5.764729626446105787e-02
9.925014980269529496e-02 5.270984385256651666e-02
3.110741493261463542e-01 2.241175081806461578e-01
1.269573200981743089e+00 1.052735008397909233e+00
1.450696701593003068e-01 4.360532662525343911e-02
3.664937027333871611e-01 9.127977742142950879e-02
1.900116362103466683e+00 1.490055720671515926e-01
6.751528253815154423e-01 5.005946965627738887e-01
3.231204509976082218e-01 2.051880149760773875e-01
1.027885209237755504e+00 4.667476379169085421e-01
1.155610108978469275e-01 9.471859463292518766e-02
1.150934069019599715e+00 1.086952470650582203e+00
1.048755103873067140e+00 4.263672137678971019e-01
4.528139825111851735e+01 3.467019698226489588e+00
2.544619350944302694e-01 2.466446757266747003e-01
-1.000000000000000000e+00 -1.000000000000000000e+00
1.151185802523319729e-01 4.014167050719755214e-02
1.184694142539691519e+00 1.115730219469923262e-01
2.323645342423602544e-01 2.488348254330157577e-02
3.035626755695394752e-01 1.140471573425032650e-02
8.211524703841250883e-01 3.677960780383984774e-01
-1.000000000000000000e+00 -1.000000000000000000e+00
8.916560128819449815e+00 1.261483129454652685e+00
-1.000000000000000000e+00 -1.000000000000000000e+00
3.797702807903403088e-01 9.368632218170709625e-02
2.287189268343214898e-01 1.480454611777504981e-01
-1.000000000000000000e+00 -1.000000000000000000e+00
1.732493201242465197e+00 1.751750506250710770e-01
1.015149586468991743e+02 8.463620482696274649e+00
4.137401039098209110e-01 8.149504758309084052e-02
2.549763380596064000e-01 4.817051499941363973e-02
1.514981192450458147e+00 1.037508563670368478e-01
1.841925699430486008e+00 1.057472125451158484e-01
4.326459033421174438e-01 5.781820461309448989e-02
7.098245726611731587e-01 8.442733179412792444e-02
4.385968358765499064e-01 1.331884982603242784e-01
1.610763309936297683e+00 1.950880929037751288e-01
1.008707954576137045e+00 1.415841380458232601e-01
-1.000000000000000000e+00 -1.000000000000000000e+00
2.165000091277684113e+00 6.475819409187814901e-02
3.872740807775028049e-01 8.774271399567583340e-02
6.332513662156019629e-01 1.220774782282508519e-01
1.027834061819326461e+00 1.903257356687481083e-01
1.270173542416292156e-01 4.862818220348531784e-02
5.047897695583807298e-01 5.176728330108982395e-02
3.554604966814453038e-01 1.700068511505126445e-01
4.426556091514748381e-01 8.520314126544714650e-02
7.894712236092056301e-01 1.762818011296967136e-01
1.162540808702642536e+00 2.949362552652920466e-01
4.169485342495088398e-01 5.594835155489231299e-02
3.386417546701597225e-01 4.814465722032044981e-02
9.901883207122935682e-01 9.578979424397109366e-01
-1.000000000000000000e+00 -1.000000000000000000e+00
2.962903812345549781e-01 1.014631612761218715e-02
1.491132425448336851e-01 4.871141527313498087e-02
-1.000000000000000000e+00 -1.000000000000000000e+00
5.356184281665719027e-01 6.119344068129298903e-02
9.464407131009118512e-02 3.858853945050905870e-02
5.297975105575521981e-01 6.657208638884239138e-02
1.624203228276505928e-01 5.158596190339916066e-02
3.583504529018552986e-01 3.200203149721310147e-01
1.917762504975168536e+00 3.285648204831553842e-01
4.201410808840501665e-01 1.043424466288327829e-01
2.160981899723593003e-01 1.225367385965615563e-01
8.471724206955279224e-02 3.334033812609204367e-02
-1.000000000000000000e+00 -1.000000000000000000e+00
3.928616451779542995e-01 4.557410676952536321e-02
1.881796795959201463e+00 5.530740741965457508e-01
7.330238131135636825e-01 1.789587269184765017e-01
-1.000000000000000000e+00 -1.000000000000000000e+00
-1.000000000000000000e+00 -1.000000000000000000e+00
6.149487451250416209e-02 3.447488869189107435e-02
7.912932066536725040e-02 7.172725837332738497e-02
2.412410844911340835e+00 4.226604403208688576e-01
-1.000000000000000000e+00 -1.000000000000000000e+00
5.773756071257182043e+00 1.101243682049334982e+00
2.500517534947655496e-01 4.596592595828306871e-02
4.369874426993480832e-01 1.204447626143127503e-01
-1.000000000000000000e+00 -1.000000000000000000e+00
